TiempoMHHash EEMHHash EFMHHash JaccardMHHash TiempoMHPrimos EEMHPrimos EFMHPrimos Jaccard MHPrimos TiempoMH32 EEMH32 EFMH32 JaccardMH32 TiempoGuay EFGuay JaccardGuay
8.4116 1644136 20000 0.872 0.824 0.832 0.748 0.74 0.676 0.628 0.6 0.612 0.544 0.584 0.532 0.48 0.492 0.528 0.472 0.5 0.444 0.432
8.37527 1644136 20000 0.908 0.816 0.748 0.716 0.624 0.612 0.552 0.564 0.516 0.46 0.484 0.448 0.396 0.356 0.404 0.424 0.332 0.336 0.308
4.44302 22000 20000 0.88 0.776 0.704 0.696 0.608 0.552 0.492 0.464 0.412 0.4 0.332 0.372 0.328 0.288 0.292 0.28 0.268 0.244 0.256
0.890086
0.811812
0.743679
0.699684
0.646632
0.592716
0.539501
0.520699
0.509507
0.457529
0.438751
0.415778
0.395771
0.385123
0.357637
0.357726
0.326787
0.315684
0.302603
