TiempoMHHash EEMHHash EFMHHash JaccardMHHash TiempoMHPrimos EEMHPrimos EFMHPrimos Jaccard MHPrimos TiempoMH32 EEMH32 EFMH32 JaccardMH32 TiempoGuay EFGuay JaccardGuay
0.210402 49440 20000 0.132 0.172 0.14 0.148 0.156 0.168 0.16 0.172 0.168 0.176 0.168 0.168 0.144 0.132 0.176 0.164 0.16 0.18 0.144
0.207247 49440 20000 0 0 0.004 0 0 0 0.004 0 0 0 0 0 0 0 0 0 0 0 0
0.0525034 22000 20000 0.012 0.004 0 0 0 0 0.004 0 0 0 0 0 0 0 0 0 0 0 0
0.00292398
0
0.00145985
0
0
0.00145985
0.00145985
0
0
0
0.00145985
0
0
0
0
0
0
0.00145985
0
