TiempoMHHash EEMHHash EFMHHash JaccardMHHash TiempoMHPrimos EEMHPrimos EFMHPrimos Jaccard MHPrimos TiempoMH32 EEMH32 EFMH32 JaccardMH32 TiempoGuay EFGuay JaccardGuay
0.117085 49440 20000 0.156 0.14 0.152 0.188 0.184 0.164 0.176 0.184 0.172 0.16 0.184 0.172 0.156 0.196 0.208 0.172 0.184 0.208 0.164
0.115378 49440 20000 0 0 0 0 0 0 0 0 0 0 0 0 0 0 0 0 0 0 0
0.0258862 22000 20000 0.004 0 0 0 0 0.008 0 0 0 0 0.004 0 0 0 0 0 0 0 0.004
0.00292398
0
0.00145985
0
0
0.00145985
0.00145985
0
0
0
0.00145985
0
0
0
0
0
0
0.00145985
0
