Hashed time	Hashed space	Hashed res	No Hashed time	No Hashed space	No Hasehd res
../DataSet Experimento 1/juegodetronos.txt	../DataSet Experimento 1/juegodetronosRandom0.txt
0.025541	72968	0.990181	0.0382867	72968	0.990181
0.0277046	111888	0.990465	0.0467979	153660	0.990801
0.0307176	158080	0.990731	0.0512835	245028	0.990641
0.0309177	193304	0.990526	0.0537548	340956	0.990519
0.0320048	215664	0.990034	0.0582357	434112	0.990098
0.0328112	229432	0.989387	0.0598752	520281	0.989435
0.0339248	239940	0.988563	0.0637637	601270	0.98859

../DataSet Experimento 1/juegodetronos.txt	../DataSet Experimento 1/juegodetronosRandom1.txt
0.0424676	75600	0.897971	0.0530974	75600	0.897971
0.032218	114964	0.899352	0.0455495	157660	0.897917
0.0290995	161136	0.894291	0.0487955	249792	0.89159
0.0311976	196036	0.884527	0.0539627	345744	0.883322
0.0321427	217744	0.874841	0.0588615	438256	0.874491
0.0342329	231020	0.865351	0.061012	523782	0.865081
0.0340763	241108	0.855248	0.0631022	604180	0.855248

../DataSet Experimento 1/juegodetronos.txt	../DataSet Experimento 1/juegodetronosRandom2.txt
0.0237527	78144	0.797571	0.0374923	78144	0.797571
0.0265053	117744	0.788553	0.0441049	161330	0.78759
0.0296485	163716	0.770898	0.0505449	253674	0.76907
0.0317506	198376	0.751448	0.0554833	349881	0.750105
0.0332191	219976	0.731386	0.0612493	442736	0.731006
0.034536	233132	0.711437	0.0621682	528507	0.711143
0.0349526	243112	0.692462	0.0649011	609130	0.692357

../DataSet Experimento 1/juegodetronos.txt	../DataSet Experimento 1/juegodetronosRandom3.txt
0.0243939	80536	0.735241	0.0369735	80536	0.735241
0.0264952	120168	0.723185	0.0435326	164525	0.722054
0.0298512	166084	0.704964	0.0500514	257256	0.702442
0.0340284	200412	0.682946	0.0556764	353346	0.681535
0.0331003	221548	0.660531	0.0574158	445912	0.660381
0.0336067	234424	0.639283	0.0619589	531405	0.638591
0.0349611	244120	0.618103	0.0659551	611640	0.617667

../DataSet Experimento 1/juegodetronos.txt	../DataSet Experimento 1/juegodetronosRandom4.txt
0.0362085	82380	0.694783	0.048391	82380	0.694783
0.0293549	122560	0.681207	0.0430034	167745	0.679381
0.0292784	168532	0.660806	0.0502809	261114	0.656541
0.0311545	202668	0.635263	0.0532725	357399	0.633876
0.033036	223400	0.610485	0.0579337	449640	0.609997
0.0333221	235892	0.58585	0.0629908	534510	0.585128
0.034348	245120	0.561552	0.0629292	614160	0.561199

../DataSet Experimento 1/juegodetronos.txt	../DataSet Experimento 1/juegodetronosRandom5.txt
0.0455605	84828	0.646378	0.056639	84828	0.646378
0.0333831	125264	0.630532	0.0468291	171285	0.62471
0.0293337	171304	0.60409	0.0484907	264942	0.599949
0.0312941	204452	0.576054	0.0541342	360612	0.574209
0.032555	224772	0.549254	0.0574254	452192	0.54856
0.0335837	236976	0.523687	0.0605759	536787	0.522593
0.034101	246004	0.498124	0.0623703	616200	0.497885

../DataSet Experimento 1/juegodetronos.txt	../DataSet Experimento 1/juegodetronosRandom6.txt
0.0361611	86632	0.605605	0.0478001	86632	0.605486
0.0321425	127092	0.59335	0.0450695	173695	0.586763
0.0294016	172652	0.565238	0.0476375	267528	0.558095
0.0314019	205716	0.53181	0.0521441	362887	0.529865
0.0328484	225728	0.504974	0.0574649	454144	0.503828
0.0334887	237708	0.479461	0.0611563	538254	0.477932
0.0340911	246416	0.453576	0.062147	617300	0.453223

../DataSet Experimento 1/juegodetronos.txt	../DataSet Experimento 1/juegodetronosRandom7.txt
0.024597	88752	0.583048	0.0370583	88752	0.583048
0.0267751	129404	0.568153	0.0426258	176280	0.560345
0.0293884	174372	0.542296	0.0473583	269964	0.53359
0.0313193	206908	0.510321	0.0513683	364945	0.507489
0.032499	226332	0.483638	0.0548572	455248	0.482429
0.033349	237760	0.458114	0.0602264	538326	0.456782
0.0339878	246136	0.431856	0.0623038	616570	0.431653

../DataSet Experimento 1/juegodetronos.txt	../DataSet Experimento 1/juegodetronosRandom8.txt
0.044316	90272	0.545542	0.0550464	90272	0.545542
0.0340576	131400	0.520974	0.0498289	179540	0.512043
0.0297402	177192	0.489209	0.0488758	274092	0.480634
0.0316177	209400	0.453198	0.0533772	369376	0.450148
0.0328181	228608	0.422682	0.0559047	459816	0.421396
0.060257	239864	0.394785	0.0767247	543006	0.393138
0.036514	248140	0.367946	0.0623591	621450	0.367236

../DataSet Experimento 1/juegodetronos.txt	../DataSet Experimento 1/juegodetronosRandom9.txt
0.0253844	92224	0.526382	0.0383788	92224	0.526382
0.0272761	133420	0.503832	0.0434883	182105	0.494501
0.0298633	178624	0.465525	0.050247	276414	0.458018
0.0317811	210556	0.430174	0.0552754	371217	0.426025
0.0331024	229340	0.398756	0.0589813	461184	0.397629
0.0339909	240320	0.371909	0.0622633	543969	0.370265
0.034514	248240	0.345124	0.0632996	621790	0.344382

../DataSet Experimento 1/juegodetronos.txt	../DataSet Experimento 1/juegodetronosRandom10.txt
0.0249776	93880	0.485819	0.0381616	93880	0.485819
0.0273044	135364	0.460742	0.0436238	184470	0.449666
0.0299279	180044	0.422418	0.0488194	278820	0.414224
0.0318753	211652	0.387627	0.0530092	373191	0.384142
0.0329946	230012	0.357323	0.0564867	462440	0.354635
0.0341826	240700	0.32957	0.0587272	544932	0.327661
0.0343727	248608	0.303441	0.0617868	622660	0.302881

../DataSet Experimento 1/juegodetronos.txt	../DataSet Experimento 1/juegodetronosRandom11.txt
0.0250772	95564	0.473843	0.038	95564	0.473843
0.0273451	136972	0.447234	0.0450213	186650	0.437372
0.0301058	181792	0.410728	0.0511287	281388	0.401614
0.0320145	213096	0.373643	0.0559098	375851	0.370593
0.0330927	231192	0.344015	0.0584691	464992	0.342387
0.033966	241756	0.317414	0.0617957	547254	0.315976
0.0346225	249524	0.292469	0.0638519	624870	0.291721

../DataSet Experimento 1/juegodetronos.txt	../DataSet Experimento 1/juegodetronosRandom12.txt
0.0250006	97100	0.452375	0.0380124	97100	0.452375
0.0274201	139064	0.424719	0.0441377	189525	0.41463
0.0301211	183788	0.386242	0.0508887	284214	0.375686
0.0321307	214348	0.344819	0.0555436	378147	0.340704
0.0331936	231836	0.309897	0.0583758	466264	0.308378
0.0341055	242132	0.28199	0.0665875	547884	0.28036
0.037988	249576	0.256095	0.0695699	625000	0.255348

../DataSet Experimento 1/juegodetronos.txt	../DataSet Experimento 1/juegodetronosRandom13.txt
0.0258634	98708	0.434876	0.0397342	98708	0.434876
0.0282836	140684	0.404649	0.048423	191320	0.391621
0.0320488	184800	0.36235	0.0553911	286032	0.352743
0.0348184	215364	0.323102	0.0627714	379764	0.319807
0.0368612	232828	0.290592	0.0642918	468040	0.289054
0.034242	242932	0.263402	0.0633688	549621	0.261496
0.0350276	250228	0.237503	0.0638983	626650	0.236948

../DataSet Experimento 1/juegodetronos.txt	../DataSet Experimento 1/juegodetronosRandom14.txt
0.0380959	99876	0.419419	0.0493733	99880	0.419395
0.031028	142064	0.388591	0.0451385	193135	0.375214
0.0303596	186156	0.345252	0.0516772	288024	0.333889
0.0322595	216052	0.303057	0.0561304	381066	0.298926
0.0335139	233288	0.270051	0.0602498	468856	0.268275
0.0344656	243032	0.242546	0.0627287	549747	0.240591
0.0347157	250068	0.217208	0.0639264	626270	0.216483

../DataSet Experimento 1/juegodetronos.txt	../DataSet Experimento 1/juegodetronosRandom15.txt
0.0256197	101188	0.39917	0.0389093	101188	0.39917
0.0278934	143340	0.367957	0.0469005	194990	0.352923
0.0303671	187308	0.323058	0.0505001	289926	0.311752
0.0322944	217244	0.28216	0.0550815	383061	0.278216
0.0334065	234232	0.251587	0.0600992	470608	0.24949
0.0343085	243692	0.225642	0.062987	551295	0.223485
0.0347057	250640	0.200705	0.064237	627570	0.199851

../DataSet Experimento 1/juegodetronos.txt	../DataSet Experimento 1/juegodetronosRandom16.txt
0.0257128	102560	0.392646	0.038987	102560	0.392646
0.0280742	144896	0.361395	0.046981	197040	0.346453
0.0304277	188780	0.316347	0.0523945	292002	0.304815
0.0325586	218016	0.272774	0.0578325	384370	0.268745
0.0335897	234560	0.240481	0.0605302	471392	0.238628
0.034265	243960	0.213925	0.0624503	551673	0.211762
0.0357284	250664	0.189221	0.0640824	627810	0.188561

../DataSet Experimento 1/juegodetronos.txt	../DataSet Experimento 1/juegodetronosRandom17.txt
0.0257644	104652	0.372809	0.0390682	104652	0.372809
0.0281001	147040	0.340627	0.0448705	199935	0.324292
0.0305235	190424	0.291991	0.0506463	294444	0.279635
0.0323152	219192	0.248189	0.0541532	386435	0.243552
0.0334359	235384	0.2156	0.0577126	472992	0.213572
0.0340818	244468	0.190135	0.0613867	552852	0.188071
0.034587	251028	0.166552	0.0638509	628710	0.166027

../DataSet Experimento 1/juegodetronos.txt	../DataSet Experimento 1/juegodetronosRandom18.txt
0.0265579	105644	0.36048	0.039568	105644	0.36048
0.0281807	147800	0.32537	0.0449718	200490	0.30834
0.0304574	190864	0.277126	0.0498763	294996	0.265795
0.0323607	219636	0.234743	0.0560625	387128	0.231057
0.0335477	235596	0.203888	0.0606588	473384	0.201751
0.0351744	244528	0.178925	0.0635794	553032	0.176872
0.0362278	251124	0.15606	0.0655378	628710	0.15525

../DataSet Experimento 1/juegodetronos.txt	../DataSet Experimento 1/juegodetronosRandom19.txt
0.0259058	107404	0.34686	0.0393362	107404	0.34686
0.0282941	149844	0.309779	0.0475451	202920	0.292443
0.0305963	192232	0.260769	0.0532223	297054	0.248178
0.0324928	220204	0.218697	0.0578512	388388	0.213959
0.0343085	235928	0.188698	0.0620074	474248	0.186546
0.0348215	244944	0.164448	0.0632581	553887	0.162483
0.0348926	251372	0.142953	0.0643147	629490	0.142181

