Hashed time	Hashed space	Hashed res	No Hashed time	No Hashed space	No Hasehd res
../DataSet Experimento 1/textoDummy.txt	../DataSet Experimento 1/textoDummyRandom0.txt
0.0214212	66432	0.968006	0.0303919	66432	0.968006
0.0189176	97300	0.961061	0.0338656	133290	0.961301
0.0224516	127952	0.951202	0.0369852	197592	0.95141
0.0220643	143620	0.941755	0.0380585	253540	0.941987
0.021353	152032	0.932774	0.037029	305112	0.93285
0.0214126	157072	0.926035	0.0379774	354789	0.925794
0.0225087	161028	0.919742	0.0379882	403000	0.919688

../DataSet Experimento 1/textoDummy.txt	../DataSet Experimento 1/textoDummyRandom1.txt
0.0171387	68900	0.868221	0.0258957	68900	0.868221
0.0181995	99928	0.858365	0.0299416	136645	0.856085
0.0198085	130436	0.83723	0.0332849	201228	0.835787
0.0211634	145712	0.815409	0.0359346	257187	0.81446
0.0212434	153872	0.796059	0.0372827	308752	0.795738
0.0225711	158724	0.779178	0.0399895	358452	0.77883
0.0224899	162512	0.763215	0.0394893	406670	0.762995

../DataSet Experimento 1/textoDummy.txt	../DataSet Experimento 1/textoDummyRandom2.txt
0.0173935	71100	0.786612	0.0257209	71100	0.786612
0.0186149	102204	0.765181	0.0292095	139610	0.761085
0.0204791	132384	0.733683	0.0338821	204324	0.729859
0.0209526	147580	0.702349	0.0360478	260414	0.701129
0.0218959	155644	0.676837	0.0377152	312232	0.676287
0.022299	160388	0.654986	0.0385086	362124	0.653965
0.021942	164088	0.633497	0.0383578	410630	0.633178

../DataSet Experimento 1/textoDummy.txt	../DataSet Experimento 1/textoDummyRandom3.txt
0.0275959	73340	0.719014	0.0371641	73340	0.719014
0.0237199	104564	0.692741	0.0347085	142660	0.685989
0.0211691	134640	0.656333	0.0339106	207744	0.650963
0.0217149	149528	0.618549	0.0368331	263830	0.616903
0.0220986	157248	0.589905	0.0374035	315472	0.589568
0.0239046	161760	0.564955	0.0390553	365265	0.564753
0.0226628	165368	0.541922	0.0396715	413790	0.541519

../DataSet Experimento 1/textoDummy.txt	../DataSet Experimento 1/textoDummyRandom4.txt
0.0173881	75152	0.66398	0.0262723	75152	0.66398
0.018821	106260	0.638904	0.0314614	144935	0.628941
0.0203797	136332	0.597965	0.0331674	210228	0.591985
0.0215767	150940	0.557495	0.0359111	266343	0.556069
0.021629	158548	0.527025	0.0359682	318088	0.526041
0.0225151	163004	0.500737	0.0377543	367974	0.499523
0.022673	166444	0.475253	0.0406235	416540	0.474896

../DataSet Experimento 1/textoDummy.txt	../DataSet Experimento 1/textoDummyRandom5.txt
0.0178215	77360	0.62058	0.0268226	77360	0.62058
0.0189723	108832	0.586195	0.0300562	147930	0.576323
0.0206712	138280	0.540621	0.0334648	213000	0.533477
0.0211599	152568	0.497056	0.0346898	269115	0.495333
0.0221955	159888	0.466324	0.0361293	320784	0.465409
0.022172	164224	0.439097	0.0366276	370665	0.438325
0.0224203	167576	0.413285	0.0378267	419320	0.412994

../DataSet Experimento 1/textoDummy.txt	../DataSet Experimento 1/textoDummyRandom6.txt
0.0176703	78664	0.589557	0.0267685	78664	0.589557
0.0189685	110164	0.546205	0.0319945	149745	0.534666
0.0206001	139096	0.494306	0.0347221	214362	0.485654
0.0218864	153196	0.447923	0.0373079	270214	0.444848
0.0222375	160348	0.412807	0.0382234	321544	0.411519
0.0221395	164476	0.383826	0.0386167	371169	0.382488
0.0223848	167636	0.356805	0.0377204	419480	0.356355

../DataSet Experimento 1/textoDummy.txt	../DataSet Experimento 1/textoDummyRandom7.txt
0.0179858	80560	0.53588	0.0274353	80560	0.53588
0.0195025	112160	0.49141	0.0311587	152265	0.475579
0.0211686	140700	0.433783	0.0335303	216894	0.423469
0.021521	154628	0.384018	0.0359284	272608	0.380552
0.021893	161444	0.34937	0.0363928	323712	0.348395
0.0221869	165304	0.321544	0.0373418	373122	0.320571
0.0224502	168384	0.296059	0.0386125	421330	0.295443

../DataSet Experimento 1/textoDummy.txt	../DataSet Experimento 1/textoDummyRandom8.txt
0.0180774	82372	0.509198	0.0266743	82372	0.509198
0.0190568	113708	0.463725	0.0303736	154020	0.449259
0.0205853	141904	0.405324	0.0336499	218538	0.395678
0.021461	155248	0.356541	0.035442	273896	0.352927
0.0219943	162048	0.321762	0.0370971	325016	0.320559
0.0222724	165852	0.293536	0.0377283	374265	0.292142
0.0225183	168812	0.2677	0.0382781	422360	0.267093

../DataSet Experimento 1/textoDummy.txt	../DataSet Experimento 1/textoDummyRandom9.txt
0.0180442	83744	0.478322	0.0270015	83744	0.478322
0.0191031	115256	0.433818	0.0306478	156155	0.413871
0.0206632	143280	0.366654	0.0329051	220572	0.355381
0.0215107	156316	0.315216	0.0357904	275681	0.311412
0.0220118	162876	0.281762	0.0369018	326680	0.280415
0.0223225	166644	0.256174	0.0379416	375876	0.2544
0.0225264	169348	0.231873	0.0380235	423830	0.231277

../DataSet Experimento 1/textoDummy.txt	../DataSet Experimento 1/textoDummyRandom10.txt
0.0184648	85128	0.457771	0.027454	85128	0.457771
0.0191725	116524	0.406547	0.0320832	157610	0.388145
0.0207865	144508	0.344461	0.0335557	222222	0.334042
0.0215626	157364	0.295006	0.0352977	277473	0.291257
0.0220979	163788	0.261966	0.0357333	328384	0.260572
0.0223812	167352	0.236019	0.0373326	377541	0.234593
0.0225921	170048	0.211859	0.0388926	425490	0.211428

../DataSet Experimento 1/textoDummy.txt	../DataSet Experimento 1/textoDummyRandom11.txt
0.0182916	86800	0.430078	0.0272163	86800	0.430078
0.0192858	117948	0.378348	0.0322463	159130	0.359795
0.0208079	145084	0.31837	0.0335739	223356	0.306772
0.0216264	157888	0.269849	0.0359423	278271	0.266584
0.0221578	164084	0.238295	0.0374676	329016	0.2372
0.0223721	167620	0.214673	0.0379079	378108	0.213203
0.0226653	170220	0.192585	0.0385726	425890	0.192001

../DataSet Experimento 1/textoDummy.txt	../DataSet Experimento 1/textoDummyRandom12.txt
0.0182238	88160	0.412639	0.0273212	88160	0.412639
0.0194325	119260	0.360173	0.0324851	161100	0.340043
0.0208493	146180	0.292988	0.0337309	225000	0.281876
0.0216694	158700	0.244394	0.0354844	279699	0.240361
0.0221247	164768	0.211779	0.0375706	330336	0.210448
0.0225152	168084	0.186431	0.0386069	379197	0.185443
0.0226089	170604	0.164183	0.0385897	426820	0.1636

../DataSet Experimento 1/textoDummy.txt	../DataSet Experimento 1/textoDummyRandom13.txt
0.0183643	89292	0.399473	0.0272519	89292	0.399473
0.0193723	120076	0.344757	0.0308732	161900	0.326288
0.020882	146528	0.279765	0.034664	225258	0.268002
0.021662	158660	0.231603	0.0367095	279594	0.227738
0.0221245	164508	0.200999	0.0372804	329880	0.199948
0.0224292	167744	0.177713	0.0379235	378477	0.176472
0.022656	170332	0.157021	0.0386252	426120	0.156552

../DataSet Experimento 1/textoDummy.txt	../DataSet Experimento 1/textoDummyRandom14.txt
0.0185132	90448	0.378192	0.0276263	90448	0.378192
0.0194286	121192	0.325024	0.0310864	163430	0.301972
0.0209351	147436	0.256957	0.0344462	226602	0.246395
0.0217524	159328	0.209817	0.0366115	280847	0.206393
0.022164	165068	0.179057	0.0401958	330968	0.177386
0.0224718	168292	0.155249	0.03818	379620	0.154067
0.0226748	170724	0.134439	0.0385531	427130	0.133994

../DataSet Experimento 1/textoDummy.txt	../DataSet Experimento 1/textoDummyRandom15.txt
0.0184849	90656	0.368186	0.027532	90656	0.368186
0.019463	121612	0.309684	0.0326137	163875	0.286656
0.0209562	147532	0.240515	0.0338474	226734	0.228311
0.0217604	159416	0.193198	0.0360701	280924	0.189413
0.0222524	165096	0.163959	0.0385829	331056	0.162612
0.0224836	168356	0.142605	0.0386486	379773	0.141261
0.0227181	170812	0.123408	0.0388938	427390	0.122878

../DataSet Experimento 1/textoDummy.txt	../DataSet Experimento 1/textoDummyRandom16.txt
0.018592	92632	0.348984	0.0274716	92632	0.348984
0.0195268	122988	0.291891	0.0321669	165745	0.265857
0.0209861	148860	0.221846	0.0346347	228696	0.207311
0.0218156	160264	0.172892	0.0367327	282485	0.168829
0.0222174	165752	0.144096	0.0374817	332368	0.142692
0.0224812	168772	0.123619	0.0384768	380682	0.122231
0.0226916	171112	0.105718	0.0387208	428050	0.105073

../DataSet Experimento 1/textoDummy.txt	../DataSet Experimento 1/textoDummyRandom17.txt
0.0188164	93656	0.336416	0.0277464	93656	0.336416
0.0195809	124024	0.27387	0.0313356	167180	0.251488
0.0210845	149392	0.20637	0.0338837	229410	0.192942
0.0217748	160588	0.159413	0.0365698	282849	0.154618
0.0222458	165900	0.131064	0.0373659	332600	0.129725
0.0225107	168864	0.111357	0.0379434	380871	0.109948
0.0227564	171136	0.0938563	0.0408884	428170	0.0933582

../DataSet Experimento 1/textoDummy.txt	../DataSet Experimento 1/textoDummyRandom18.txt
0.0185673	94272	0.323153	0.0278567	94272	0.323153
0.0196256	124688	0.261309	0.0313308	167805	0.237865
0.0210354	149816	0.191702	0.0337964	229926	0.17802
0.0218183	160832	0.145429	0.0350605	283283	0.141097
0.0222405	166024	0.118428	0.0360037	332816	0.117012
0.0225265	168932	0.0996459	0.0377566	381006	0.0984147
0.0226961	171156	0.0840068	0.0387011	428280	0.0836222

../DataSet Experimento 1/textoDummy.txt	../DataSet Experimento 1/textoDummyRandom19.txt
0.0190872	95424	0.313946	0.0283228	95424	0.313946
0.0196623	125184	0.250989	0.0314896	168195	0.224572
0.0210459	149824	0.180944	0.0338473	229986	0.166956
0.0218009	160744	0.135422	0.0349206	283206	0.131724
0.02233	166104	0.110143	0.0382018	332880	0.108447
0.0241398	168976	0.0912942	0.0410479	381060	0.0900572
0.0241327	171172	0.0757145	0.0430837	428230	0.0751714

