Hashed time	Hashed space	Hashed res	No Hashed time	No Hashed space	No Hasehd res
../DataSet Experimento 1/texto50palabras.txt	../DataSet Experimento 1/texto50palabrasRandom0.txt
0.000320968	2456	0.574359	0.000459036	2456	0.574359
0.000312439	2516	0.426304	0.000420315	3150	0.422122
0.000339847	2576	0.311609	0.000427551	3864	0.311609
0.000299499	2632	0.223048	0.000443373	4606	0.223048
0.000301562	2672	0.153713	0.000451695	5344	0.153713
0.00030376	2688	0.101639	0.000454697	6048	0.101639
0.000310025	2704	0.0595611	0.000456175	6760	0.0595611

../DataSet Experimento 1/texto50palabras.txt	../DataSet Experimento 1/texto50palabrasRandom1.txt
0.000295626	2464	0.571429	0.000428926	2464	0.571429
0.000289959	2528	0.41387	0.000417189	3165	0.4098
0.000290651	2588	0.291417	0.000428792	3882	0.291417
0.000303933	2644	0.204007	0.000438646	4627	0.204007
0.000303602	2664	0.140411	0.00045306	5352	0.139693
0.000304449	2692	0.0943089	0.000461818	6057	0.0943089
0.000308387	2704	0.05625	0.00046291	6760	0.05625

../DataSet Experimento 1/texto50palabras.txt	../DataSet Experimento 1/texto50palabrasRandom2.txt
0.000348966	2452	0.583979	0.00041608	2452	0.583979
0.000279397	2520	0.441648	0.00178285	3155	0.434091
0.000284809	2580	0.321721	0.0004207	3870	0.321721
0.000290882	2636	0.236398	0.000425732	4613	0.236398
0.000293573	2668	0.170175	0.000431714	5336	0.170175
0.0002982	2684	0.116473	0.000478801	6039	0.114618
0.000302192	2700	0.0697306	0.000441981	6750	0.0697306

../DataSet Experimento 1/texto50palabras.txt	../DataSet Experimento 1/texto50palabrasRandom3.txt
0.000283353	2460	0.560914	0.000397479	2460	0.560914
0.0002701	2520	0.40625	0.000395367	3160	0.39823
0.00027365	2584	0.289421	0.0004044	3876	0.289421
0.000288292	2640	0.20438	0.00041034	4620	0.20438
0.000285644	2676	0.139693	0.000416481	5352	0.139693
0.000287688	2692	0.0996732	0.000427078	6057	0.0978793
0.00027601	2704	0.0628931	0.000419215	6760	0.0628931

../DataSet Experimento 1/texto50palabras.txt	../DataSet Experimento 1/texto50palabrasRandom4.txt
0.000275361	2460	0.593264	0.00038133	2460	0.593264
0.000259057	2524	0.434091	0.000378912	3160	0.429864
0.000262597	2584	0.313008	0.000385928	3876	0.313008
0.000273721	2640	0.222222	0.00039653	4620	0.222222
0.000273498	2672	0.149742	0.000406763	5344	0.149742
0.000275843	2688	0.0998363	0.000412387	6048	0.0980392
0.000280351	2700	0.056338	0.000412135	6750	0.056338

../DataSet Experimento 1/texto50palabras.txt	../DataSet Experimento 1/texto50palabrasRandom5.txt
0.000257782	2460	0.57289	0.000371277	2460	0.57289
0.000259651	2512	0.417607	0.000369544	3155	0.414798
0.000255783	2580	0.308316	0.000380725	3870	0.305668
0.000259886	2636	0.22037	0.000382558	4613	0.22037
0.000266501	2672	0.157712	0.000392297	5344	0.157712
0.00027001	2692	0.112397	0.000394387	6057	0.112397
0.000271704	2704	0.0781499	0.000407131	6760	0.0781499

../DataSet Experimento 1/texto50palabras.txt	../DataSet Experimento 1/texto50palabrasRandom6.txt
0.000258207	2460	0.576923	0.000377519	2460	0.576923
0.000244254	2516	0.419865	0.000355597	3155	0.414798
0.000246984	2580	0.305668	0.000362647	3870	0.305668
0.000259556	2636	0.222635	0.000368746	4613	0.222635
0.000260645	2668	0.16	0.000384712	5344	0.159722
0.00025674	2688	0.116279	0.000381228	6048	0.114428
0.000263012	2700	0.0748408	0.000745391	6750	0.0748408

../DataSet Experimento 1/texto50palabras.txt	../DataSet Experimento 1/texto50palabrasRandom7.txt
0.000380264	2460	0.580977	0.000515897	2460	0.580977
0.000244034	2524	0.424379	0.000356971	3160	0.423423
0.000247629	2584	0.313008	0.000361625	3876	0.310345
0.000256497	2636	0.224907	0.000367148	4613	0.224907
0.000248448	2668	0.16	0.000388428	5336	0.16
0.000253646	2688	0.110744	0.000372299	6048	0.110744
0.000256432	2700	0.0714286	0.000374392	6750	0.0714286

../DataSet Experimento 1/texto50palabras.txt	../DataSet Experimento 1/texto50palabrasRandom8.txt
0.000242612	2460	0.533666	0.000439347	2460	0.533666
0.000245065	2524	0.380744	0.000345111	3160	0.376906
0.000243639	2584	0.269155	0.000363048	3876	0.269155
0.000248506	2640	0.184919	0.000360882	4620	0.184919
0.000254155	2672	0.122689	0.00036789	5344	0.122689
0.000249566	2692	0.0785256	0.000373659	6057	0.0785256
0.000252873	2704	0.0416025	0.000375735	6760	0.0416025

../DataSet Experimento 1/texto50palabras.txt	../DataSet Experimento 1/texto50palabrasRandom9.txt
0.000258287	2464	0.559494	0.000357908	2464	0.559494
0.000257807	2524	0.402222	0.000345003	3165	0.400442
0.000240588	2584	0.292	0.00035729	3882	0.291417
0.00024797	2644	0.206204	0.000376197	4627	0.206204
0.000251959	2676	0.141638	0.000369036	5352	0.141638
0.000252346	2692	0.0960912	0.000373702	6057	0.0960912
0.000252797	2704	0.0595611	0.000389672	6760	0.0595611

../DataSet Experimento 1/texto50palabras.txt	../DataSet Experimento 1/texto50palabrasRandom10.txt
0.000242887	2464	0.53616	0.000353588	2464	0.53616
0.000237887	2528	0.379913	0.000345448	3165	0.376087
0.000245242	2588	0.266145	0.000352393	3882	0.266145
0.000248823	2644	0.180357	0.000364888	4627	0.180357
0.000250398	2676	0.12437	0.000374074	5352	0.12437
0.000249144	2692	0.0802568	0.000359743	6057	0.0802568
0.0002452	2704	0.0448223	0.000365365	6760	0.0448223

../DataSet Experimento 1/texto50palabras.txt	../DataSet Experimento 1/texto50palabrasRandom11.txt
0.00024943	2456	0.570332	0.000412875	2456	0.570332
0.000241858	2520	0.412556	0.000351596	3155	0.405345
0.00024061	2580	0.295181	0.000354889	3870	0.295181
0.000251928	2636	0.209174	0.000363513	4613	0.209174
0.000251597	2672	0.14188	0.000371841	5344	0.14188
0.00025389	2692	0.0960912	0.0003767	6057	0.0943089
0.00024868	2700	0.056338	0.000364488	6750	0.056338

../DataSet Experimento 1/texto50palabras.txt	../DataSet Experimento 1/texto50palabrasRandom12.txt
0.000259575	2464	0.575448	0.000344199	2464	0.575448
0.000241617	2528	0.433107	0.000341238	3170	0.424719
0.000235719	2592	0.319756	0.000341324	3888	0.317073
0.000239295	2644	0.230912	0.000347391	4627	0.230912
0.000261007	2660	0.168717	0.00035875	5352	0.167539
0.000242578	2688	0.123746	0.000360013	6057	0.121667
0.000247875	2704	0.0833333	0.000361113	6760	0.0833333

../DataSet Experimento 1/texto50palabras.txt	../DataSet Experimento 1/texto50palabrasRandom13.txt
0.00038014	2464	0.56743	0.000345903	2464	0.56743
0.000240492	2524	0.417978	0.000342785	3160	0.410714
0.000240015	2584	0.292	0.000354133	3876	0.292
0.000254019	2640	0.202186	0.000359632	4620	0.202186
0.000254614	2672	0.14188	0.000367319	5344	0.14188
0.000251432	2688	0.0926829	0.000373469	6048	0.0909091
0.000254916	2704	0.0513219	0.000374307	6760	0.0513219

../DataSet Experimento 1/texto50palabras.txt	../DataSet Experimento 1/texto50palabrasRandom14.txt
0.000280827	2468	0.569975	0.000448913	2468	0.569975
0.000251987	2532	0.4098	0.000342946	3170	0.402655
0.00023932	2592	0.28827	0.000354831	3888	0.28827
0.000249738	2644	0.199637	0.000360867	4627	0.199637
0.000249903	2676	0.141638	0.00036859	5352	0.139693
0.000250018	2692	0.0925325	0.000377017	6057	0.0925325
0.000250629	2704	0.05625	0.000379554	6760	0.05625

../DataSet Experimento 1/texto50palabras.txt	../DataSet Experimento 1/texto50palabrasRandom15.txt
0.000312259	2464	0.575448	0.000430189	2464	0.575448
0.000242655	2532	0.422472	0.00034351	3170	0.415179
0.000247565	2592	0.306452	0.000351283	3888	0.306452
0.000247727	2648	0.219153	0.000364627	4634	0.219153
0.000250797	2680	0.151203	0.000369493	5360	0.151203
0.000250822	2696	0.10311	0.000371371	6066	0.10311
0.000255031	2704	0.0628931	0.000377729	6760	0.0628931

../DataSet Experimento 1/texto50palabras.txt	../DataSet Experimento 1/texto50palabrasRandom16.txt
0.000253382	2464	0.579487	0.000362846	2464	0.579487
0.000237881	2528	0.433107	0.000348605	3170	0.424719
0.000243023	2592	0.317073	0.000355627	3888	0.317073
0.000251619	2648	0.232775	0.000361549	4634	0.232775
0.000249052	2664	0.170475	0.000371912	5360	0.169284
0.000252967	2696	0.119601	0.000379216	6066	0.117745
0.000267448	2704	0.0713154	0.000361632	6760	0.0713154

../DataSet Experimento 1/texto50palabras.txt	../DataSet Experimento 1/texto50palabrasRandom17.txt
0.000266279	2456	0.55443	0.000433781	2456	0.55443
0.000254238	2520	0.412556	0.000346825	3155	0.402222
0.00023967	2580	0.292585	0.00035066	3870	0.292585
0.000248853	2636	0.20696	0.000357642	4613	0.20696
0.0002496	2676	0.145548	0.000369586	5352	0.145548
0.000253032	2692	0.101473	0.000370559	6057	0.0996732
0.000256947	2704	0.0612245	0.000372798	6760	0.0612245

../DataSet Experimento 1/texto50palabras.txt	../DataSet Experimento 1/texto50palabrasRandom18.txt
0.000252329	2452	0.571795	0.000382644	2452	0.571795
0.000266103	2524	0.424379	0.000343323	3160	0.41387
0.000233805	2588	0.301811	0.000365056	3882	0.301811
0.000256709	2644	0.215074	0.000358201	4627	0.215074
0.000249911	2672	0.155709	0.000366216	5352	0.153448
0.000250986	2692	0.101473	0.000374939	6057	0.101473
0.000252808	2704	0.0612245	0.000377399	6760	0.0612245

../DataSet Experimento 1/texto50palabras.txt	../DataSet Experimento 1/texto50palabrasRandom19.txt
0.000264179	2456	0.550505	0.000385124	2456	0.550505
0.00025142	2516	0.391593	0.000344791	3155	0.386813
0.000242362	2576	0.270217	0.000355509	3870	0.269685
0.000244851	2636	0.185252	0.000365095	4613	0.185252
0.000251848	2668	0.126689	0.000368616	5336	0.124789
0.000256127	2684	0.0787781	0.000373531	6039	0.0787781
0.000261124	2700	0.0432767	0.000368066	6750	0.0432767

