TiempoMHHash EEMHHash EFMHHash JaccardMHHash TiempoMHPrimos EEMHPrimos EFMHPrimos Jaccard MHPrimos TiempoMH32 EEMH32 EFMH32 JaccardMH32 TiempoGuay EFGuay JaccardGuay
7.1369 2634196 21000 0.984 0.868 0.748 0.636 0.632 0.532 0.484 0.48 0.46 0.424 0.336 0.384 0.272 0.304 0.276 0.248 0.28 0.224 0.228 0.176
7.23018 2634196 21000 0.988 0.892 0.712 0.652 0.6 0.524 0.532 0.5 0.416 0.376 0.372 0.404 0.324 0.288 0.268 0.236 0.276 0.28 0.228 0.224
2.52714 23000 21000 0.988 0.884 0.696 0.64 0.612 0.548 0.476 0.48 0.42 0.364 0.336 0.264 0.316 0.236 0.244 0.228 0.252 0.18 0.196 0.144
0.989387
0.865351
0.711437
0.639283
0.58585
0.523687
0.479461
0.458114
0.394785
0.371909
0.32957
0.317414
0.28199
0.263402
0.242546
0.225642
0.213925
0.190135
0.178925
0.164448
