TiempoMHHash EEMHHash EFMHHash JaccardMHHash TiempoMHPrimos EEMHPrimos EFMHPrimos Jaccard MHPrimos TiempoMH32 EEMH32 EFMH32 JaccardMH32 TiempoGuay EFGuay JaccardGuay
5.4841 1847336 21000 0.948 0.744 0.688 0.524 0.5 0.48 0.44 0.32 0.304 0.26 0.26 0.288 0.252 0.212 0.204 0.22 0.168 0.14 0.18 0.128
5.55421 1847336 21000 0.96 0.788 0.672 0.592 0.536 0.452 0.468 0.392 0.284 0.284 0.284 0.244 0.244 0.216 0.2 0.208 0.196 0.148 0.152 0.16
1.83187 23000 21000 0.916 0.756 0.656 0.528 0.5 0.488 0.388 0.32 0.344 0.26 0.232 0.212 0.22 0.168 0.152 0.124 0.128 0.104 0.096 0.08
0.926035
0.779178
0.654986
0.564955
0.500737
0.439097
0.383826
0.321544
0.293536
0.256174
0.236019
0.214673
0.186431
0.177713
0.155249
0.142605
0.123619
0.111357
0.0996459
0.0912942
