TiempoMHHash EEMHHash EFMHHash JaccardMHHash TiempoMHPrimos EEMHPrimos EFMHPrimos Jaccard MHPrimos TiempoMH32 EEMH32 EFMH32 JaccardMH32 TiempoGuay EFGuay JaccardGuay
7.19922 2634196 21000 0.988 0.844 0.728 0.652 0.596 0.476 0.464 0.42 0.44 0.408 0.34 0.336 0.32 0.28 0.284 0.208 0.248 0.216 0.192 0.22
7.29188 2634196 21000 0.988 0.856 0.72 0.656 0.612 0.596 0.54 0.488 0.432 0.392 0.36 0.348 0.344 0.288 0.224 0.292 0.248 0.224 0.236 0.224
2.59105 23000 21000 0.972 0.884 0.736 0.664 0.544 0.536 0.456 0.496 0.324 0.372 0.308 0.328 0.272 0.24 0.268 0.236 0.192 0.188 0.156 0.152
0.989387
0.865351
0.711437
0.639283
0.58585
0.523687
0.479461
0.458114
0.394785
0.371909
0.32957
0.317414
0.28199
0.263402
0.242546
0.225642
0.213925
0.190135
0.178925
0.164448
