TiempoMHHash EEMHHash EFMHHash JaccardMHHash TiempoMHPrimos EEMHPrimos EFMHPrimos Jaccard MHPrimos TiempoMH32 EEMH32 EFMH32 JaccardMH32 TiempoGuay EFGuay JaccardGuay
5.52442 1847336 21000 0.92 0.764 0.716 0.552 0.492 0.504 0.464 0.348 0.344 0.288 0.284 0.236 0.236 0.228 0.232 0.152 0.176 0.188 0.176 0.124
5.58973 1847336 21000 0.92 0.776 0.6 0.556 0.528 0.42 0.38 0.352 0.328 0.272 0.22 0.26 0.22 0.2 0.16 0.16 0.152 0.144 0.124 0.128
1.78926 23000 21000 0.932 0.768 0.612 0.572 0.504 0.42 0.364 0.316 0.316 0.276 0.264 0.212 0.188 0.192 0.168 0.136 0.14 0.132 0.132 0.108
0.926035
0.779178
0.654986
0.564955
0.500737
0.439097
0.383826
0.321544
0.293536
0.256174
0.236019
0.214673
0.186431
0.177713
0.155249
0.142605
0.123619
0.111357
0.0996459
0.0912942
