100 0.0744705 9200 8400 0.07 0.09 0.13 0.09 0.13 0.09 0.15 0.09 0.08 0.07 0.05 0.08 0.12 0.06 0.1 0.07 0.1 0.09 0.08 0.09
150 0.069238 13800 12600 0.08 0.113333 0.126667 0.1 0.133333 0.113333 0.146667 0.106667 0.0933333 0.1 0.0733333 0.113333 0.12 0.0666667 0.106667 0.08 0.126667 0.0933333 0.1 0.0866667
200 0.0759358 18400 16800 0.085 0.11 0.14 0.125 0.135 0.105 0.155 0.1 0.105 0.125 0.09 0.105 0.14 0.09 0.105 0.09 0.15 0.105 0.11 0.085
250 0.101388 23000 21000 0.076 0.096 0.136 0.108 0.112 0.096 0.136 0.088 0.088 0.116 0.076 0.088 0.132 0.08 0.096 0.088 0.136 0.108 0.096 0.076
300 0.121257 27600 25200 0.0833333 0.0933333 0.13 0.103333 0.106667 0.1 0.13 0.09 0.0866667 0.106667 0.07 0.08 0.13 0.0833333 0.09 0.0933333 0.133333 0.1 0.0966667 0.0766667
350 0.112742 32200 29400 0.0828571 0.0828571 0.122857 0.0942857 0.0971429 0.1 0.12 0.0857143 0.08 0.102857 0.0657143 0.0771429 0.125714 0.0742857 0.0857143 0.0942857 0.117143 0.0942857 0.0885714 0.0742857
400 0.142877 36800 33600 0.08 0.085 0.125 0.0925 0.095 0.095 0.11 0.0825 0.075 0.1 0.065 0.0725 0.1175 0.07 0.0875 0.0925 0.1175 0.09 0.085 0.075
450 0.334577 41400 37800 0.0755556 0.0822222 0.12 0.0888889 0.1 0.0933333 0.113333 0.08 0.0711111 0.1 0.0644444 0.0688889 0.113333 0.0666667 0.0844444 0.0911111 0.12 0.0911111 0.0844444 0.0733333
500 0.142311 46000 42000 0.088 0.086 0.126 0.092 0.102 0.098 0.118 0.088 0.074 0.104 0.07 0.074 0.118 0.072 0.088 0.092 0.124 0.092 0.09 0.076
550 0.137482 50600 46200 0.0890909 0.0836364 0.129091 0.0890909 0.105455 0.0981818 0.112727 0.0872727 0.0745455 0.105455 0.0690909 0.0745455 0.118182 0.0763636 0.0872727 0.0909091 0.125455 0.0981818 0.0927273 0.0763636
600 0.387383 55200 50400 0.09 0.0816667 0.128333 0.085 0.105 0.0933333 0.11 0.0866667 0.0766667 0.103333 0.0683333 0.075 0.116667 0.0783333 0.0866667 0.0933333 0.12 0.095 0.09 0.0766667
650 0.171028 59800 54600 0.0892308 0.0846154 0.130769 0.0876923 0.106154 0.0938462 0.109231 0.0923077 0.0769231 0.101538 0.0707692 0.08 0.115385 0.08 0.0892308 0.0907692 0.118462 0.1 0.0923077 0.0769231
700 0.147881 64400 58800 0.0928571 0.0871429 0.132857 0.0885714 0.107143 0.1 0.114286 0.0942857 0.0771429 0.1 0.0742857 0.08 0.115714 0.08 0.0928571 0.0942857 0.121429 0.0985714 0.0928571 0.0785714
750 0.156273 69000 63000 0.092 0.0853333 0.130667 0.0866667 0.105333 0.1 0.108 0.092 0.076 0.0986667 0.0746667 0.0813333 0.113333 0.0773333 0.088 0.0906667 0.121333 0.0933333 0.0906667 0.0746667
800 0.168444 73600 67200 0.0925 0.08375 0.13125 0.09 0.1025 0.1025 0.1125 0.09125 0.07625 0.09625 0.075 0.0825 0.11 0.08 0.085 0.09 0.125 0.09125 0.09 0.07625
850 0.17585 78200 71400 0.0952941 0.0858824 0.131765 0.0905882 0.101176 0.102353 0.115294 0.0917647 0.0764706 0.0976471 0.0776471 0.0847059 0.111765 0.0847059 0.0870588 0.0941176 0.128235 0.0929412 0.0929412 0.0764706
