100 0.905253 9200 8400 0.94 0.77 0.71 0.51 0.52 0.41 0.37 0.33 0.35 0.33 0.22 0.26 0.19 0.23 0.12 0.16 0.09 0.08 0.06 0.07
150 1.20949 13800 12600 0.933333 0.766667 0.62 0.586667 0.48 0.353333 0.36 0.333333 0.253333 0.233333 0.226667 0.22 0.206667 0.193333 0.166667 0.113333 0.106667 0.133333 0.113333 0.106667
200 1.65899 18400 16800 0.905 0.785 0.68 0.525 0.465 0.415 0.405 0.32 0.32 0.195 0.2 0.24 0.21 0.185 0.135 0.16 0.125 0.135 0.11 0.07
250 1.89377 23000 21000 0.892 0.732 0.612 0.564 0.524 0.432 0.348 0.272 0.304 0.224 0.208 0.208 0.164 0.148 0.148 0.108 0.104 0.088 0.108 0.104
300 2.18751 27600 25200 0.936667 0.826667 0.673333 0.566667 0.523333 0.47 0.41 0.29 0.31 0.29 0.243333 0.216667 0.186667 0.18 0.173333 0.14 0.15 0.136667 0.1 0.0766667
350 2.61274 32200 29400 0.897143 0.777143 0.662857 0.548571 0.511429 0.428571 0.337143 0.297143 0.28 0.248571 0.237143 0.22 0.217143 0.16 0.162857 0.154286 0.102857 0.0828571 0.0685714 0.1
400 2.9117 36800 33600 0.925 0.7725 0.655 0.5225 0.495 0.4675 0.345 0.31 0.25 0.23 0.2475 0.205 0.195 0.1425 0.1475 0.155 0.1025 0.115 0.1025 0.0825
450 3.19267 41400 37800 0.933333 0.786667 0.653333 0.591111 0.511111 0.402222 0.4 0.317778 0.34 0.293333 0.246667 0.22 0.202222 0.171111 0.148889 0.14 0.12 0.0977778 0.117778 0.104444
500 3.48146 46000 42000 0.92 0.79 0.652 0.552 0.506 0.376 0.404 0.346 0.312 0.28 0.238 0.202 0.182 0.16 0.172 0.136 0.082 0.096 0.128 0.088
550 3.86935 50600 46200 0.929091 0.794545 0.690909 0.576364 0.545455 0.498182 0.401818 0.305455 0.332727 0.267273 0.24 0.178182 0.198182 0.194545 0.174545 0.14 0.134545 0.110909 0.0927273 0.105455
600 4.27351 55200 50400 0.938333 0.778333 0.65 0.556667 0.493333 0.463333 0.4 0.326667 0.298333 0.256667 0.25 0.218333 0.193333 0.156667 0.156667 0.128333 0.136667 0.11 0.103333 0.0833333
650 4.63309 59800 54600 0.924615 0.775385 0.644615 0.556923 0.509231 0.450769 0.390769 0.316923 0.303077 0.243077 0.201538 0.196923 0.152308 0.163077 0.136923 0.129231 0.115385 0.0984615 0.0969231 0.1
700 5.03386 64400 58800 0.927143 0.762857 0.661429 0.612857 0.511429 0.407143 0.39 0.325714 0.267143 0.272857 0.227143 0.207143 0.204286 0.18 0.142857 0.162857 0.122857 0.12 0.115714 0.0871429
750 5.21516 69000 63000 0.924 0.794667 0.652 0.590667 0.510667 0.428 0.405333 0.352 0.306667 0.256 0.232 0.241333 0.198667 0.176 0.174667 0.149333 0.128 0.101333 0.102667 0.0986667
800 5.5379 73600 67200 0.92 0.76375 0.64625 0.54875 0.4975 0.4525 0.38375 0.2975 0.3125 0.26625 0.235 0.2 0.17625 0.1675 0.145 0.12375 0.1075 0.09625 0.1 0.0925
850 5.85553 78200 71400 0.94 0.772941 0.668235 0.557647 0.478824 0.430588 0.42 0.302353 0.296471 0.244706 0.221176 0.2 0.184706 0.170588 0.157647 0.135294 0.124706 0.103529 0.104706 0.0811765
