100 0.815369 9200 8400 0.97 0.77 0.64 0.52 0.57 0.42 0.42 0.39 0.38 0.23 0.26 0.2 0.19 0.16 0.2 0.16 0.17 0.11 0.07 0.09
150 1.1938 13800 12600 0.953333 0.753333 0.666667 0.526667 0.54 0.413333 0.413333 0.353333 0.313333 0.26 0.26 0.2 0.2 0.14 0.193333 0.166667 0.146667 0.106667 0.0866667 0.08
200 1.42346 18400 16800 0.94 0.765 0.665 0.51 0.54 0.41 0.4 0.375 0.285 0.245 0.26 0.19 0.195 0.145 0.18 0.165 0.15 0.1 0.085 0.085
250 1.81971 23000 21000 0.936 0.764 0.632 0.512 0.536 0.424 0.396 0.364 0.276 0.236 0.248 0.192 0.204 0.164 0.176 0.16 0.124 0.1 0.08 0.08
300 2.14889 27600 25200 0.936667 0.776667 0.656667 0.546667 0.523333 0.426667 0.396667 0.35 0.283333 0.216667 0.23 0.186667 0.19 0.15 0.17 0.16 0.12 0.1 0.0766667 0.0866667
350 2.4718 32200 29400 0.94 0.771429 0.66 0.54 0.505714 0.434286 0.382857 0.34 0.277143 0.217143 0.222857 0.194286 0.182857 0.142857 0.171429 0.154286 0.117143 0.108571 0.0771429 0.0914286
400 2.869 36800 33600 0.9425 0.7875 0.66 0.5525 0.5075 0.445 0.3825 0.36 0.285 0.225 0.24 0.1875 0.2 0.1575 0.175 0.16 0.1175 0.12 0.095 0.0875
450 3.20802 41400 37800 0.937778 0.771111 0.662222 0.542222 0.508889 0.437778 0.371111 0.351111 0.282222 0.226667 0.237778 0.186667 0.2 0.157778 0.173333 0.166667 0.113333 0.117778 0.1 0.0888889
500 3.56998 46000 42000 0.94 0.776 0.672 0.554 0.518 0.434 0.36 0.354 0.294 0.234 0.244 0.194 0.206 0.158 0.166 0.16 0.118 0.122 0.102 0.086
550 3.88528 50600 46200 0.938182 0.781818 0.672727 0.549091 0.510909 0.429091 0.365455 0.36 0.3 0.247273 0.238182 0.194545 0.2 0.158182 0.165455 0.16 0.121818 0.123636 0.1 0.0890909
600 4.18655 55200 50400 0.933333 0.775 0.67 0.55 0.51 0.43 0.371667 0.356667 0.29 0.243333 0.23 0.2 0.193333 0.163333 0.171667 0.161667 0.12 0.12 0.101667 0.0883333
650 4.53216 59800 54600 0.933846 0.778462 0.664615 0.553846 0.510769 0.438462 0.378462 0.36 0.295385 0.246154 0.233846 0.196923 0.192308 0.170769 0.169231 0.164615 0.121538 0.116923 0.1 0.0938462
700 4.94628 64400 58800 0.932857 0.774286 0.668571 0.548571 0.512857 0.437143 0.372857 0.362857 0.29 0.245714 0.228571 0.202857 0.194286 0.18 0.161429 0.161429 0.122857 0.111429 0.101429 0.0928571
750 5.22138 69000 63000 0.936 0.781333 0.676 0.557333 0.517333 0.442667 0.372 0.36 0.290667 0.248 0.234667 0.2 0.190667 0.178667 0.164 0.161333 0.121333 0.114667 0.0973333 0.092
800 5.46847 73600 67200 0.9325 0.7825 0.68125 0.545 0.51875 0.435 0.365 0.35375 0.29375 0.24625 0.23625 0.20125 0.18875 0.175 0.16625 0.16 0.12 0.11 0.0975 0.09125
850 5.86132 78200 71400 0.932941 0.777647 0.682353 0.545882 0.516471 0.436471 0.363529 0.351765 0.296471 0.251765 0.243529 0.197647 0.2 0.174118 0.170588 0.16 0.122353 0.107059 0.0964706 0.0929412
