100 0.0934445 9200 8400 0.09 0.08 0.08 0.08 0.07 0.08 0.07 0.14 0.11 0.12 0.05 0.07 0.12 0.08 0.1 0.05 0.07 0.1 0.08 0.08
150 0.073381 13800 12600 0.0933333 0.0933333 0.106667 0.0866667 0.106667 0.113333 0.0933333 0.14 0.113333 0.12 0.0733333 0.08 0.146667 0.0866667 0.1 0.08 0.0933333 0.106667 0.0866667 0.0866667
200 0.0788702 18400 16800 0.095 0.095 0.115 0.08 0.1 0.105 0.1 0.13 0.095 0.115 0.07 0.08 0.14 0.08 0.105 0.1 0.095 0.1 0.09 0.085
250 0.0874166 23000 21000 0.112 0.108 0.12 0.088 0.112 0.116 0.104 0.132 0.096 0.112 0.08 0.096 0.132 0.096 0.104 0.116 0.108 0.116 0.092 0.1
300 0.107891 27600 25200 0.106667 0.1 0.106667 0.08 0.11 0.116667 0.106667 0.123333 0.09 0.103333 0.0766667 0.0933333 0.126667 0.0866667 0.0966667 0.106667 0.0966667 0.106667 0.09 0.09
350 0.110642 32200 29400 0.1 0.0971429 0.111429 0.08 0.108571 0.111429 0.117143 0.128571 0.0942857 0.105714 0.0828571 0.102857 0.122857 0.0885714 0.105714 0.102857 0.1 0.111429 0.0885714 0.0914286
400 0.116054 36800 33600 0.1 0.0975 0.12 0.0825 0.1025 0.105 0.115 0.1225 0.095 0.1 0.0825 0.1025 0.125 0.095 0.1075 0.095 0.1 0.105 0.0925 0.09
450 0.127235 41400 37800 0.0955556 0.0911111 0.122222 0.08 0.0977778 0.0955556 0.108889 0.113333 0.0933333 0.1 0.0777778 0.0977778 0.124444 0.0911111 0.102222 0.0888889 0.0977778 0.0977778 0.0844444 0.0844444
500 0.140549 46000 42000 0.094 0.094 0.128 0.088 0.1 0.098 0.106 0.114 0.102 0.1 0.078 0.102 0.122 0.094 0.104 0.092 0.106 0.1 0.094 0.088
550 0.134372 50600 46200 0.0909091 0.0927273 0.130909 0.0854545 0.0945455 0.1 0.105455 0.114545 0.1 0.0981818 0.0781818 0.1 0.12 0.0963636 0.107273 0.0945455 0.109091 0.101818 0.0927273 0.0872727
600 0.146492 55200 50400 0.0933333 0.0916667 0.128333 0.0883333 0.0966667 0.0983333 0.108333 0.113333 0.0983333 0.101667 0.0833333 0.1 0.123333 0.0983333 0.11 0.0933333 0.108333 0.0983333 0.0983333 0.0833333
650 0.150418 59800 54600 0.101538 0.0938462 0.130769 0.0923077 0.0969231 0.104615 0.115385 0.116923 0.0984615 0.107692 0.0861538 0.0984615 0.124615 0.1 0.109231 0.0969231 0.116923 0.1 0.104615 0.08
700 0.15472 64400 58800 0.0957143 0.09 0.128571 0.09 0.0928571 0.104286 0.111429 0.111429 0.0942857 0.102857 0.0828571 0.0971429 0.122857 0.0985714 0.104286 0.0957143 0.112857 0.101429 0.107143 0.0757143
750 0.184997 69000 63000 0.096 0.0893333 0.122667 0.0866667 0.0933333 0.106667 0.108 0.112 0.0906667 0.105333 0.0813333 0.0986667 0.121333 0.096 0.104 0.0946667 0.110667 0.1 0.105333 0.0746667
800 0.176843 73600 67200 0.09375 0.08875 0.12375 0.09125 0.09625 0.10875 0.10875 0.11375 0.09125 0.1075 0.07875 0.10375 0.12625 0.1 0.1025 0.09375 0.11625 0.10375 0.105 0.07875
850 0.177121 78200 71400 0.0964706 0.0905882 0.123529 0.0929412 0.0976471 0.114118 0.108235 0.115294 0.0905882 0.107059 0.08 0.105882 0.127059 0.103529 0.102353 0.0952941 0.118824 0.104706 0.108235 0.0823529
