100 1.14569 9200 8400 0.99 0.92 0.79 0.64 0.63 0.62 0.57 0.4 0.43 0.42 0.31 0.32 0.31 0.32 0.24 0.32 0.17 0.22 0.19 0.18
150 1.61311 13800 12600 0.986667 0.893333 0.766667 0.653333 0.626667 0.573333 0.513333 0.453333 0.406667 0.413333 0.32 0.34 0.273333 0.34 0.226667 0.32 0.166667 0.206667 0.22 0.173333
200 2.07368 18400 16800 0.99 0.875 0.77 0.665 0.65 0.58 0.49 0.455 0.445 0.4 0.345 0.34 0.28 0.32 0.235 0.29 0.21 0.235 0.225 0.17
250 2.6044 23000 21000 0.992 0.848 0.76 0.676 0.628 0.568 0.484 0.464 0.424 0.392 0.336 0.34 0.292 0.308 0.252 0.28 0.22 0.212 0.22 0.164
300 3.16901 27600 25200 0.993333 0.836667 0.746667 0.656667 0.61 0.55 0.486667 0.45 0.42 0.383333 0.346667 0.333333 0.28 0.293333 0.243333 0.273333 0.206667 0.21 0.223333 0.17
350 3.56093 32200 29400 0.994286 0.842857 0.748571 0.648571 0.608571 0.542857 0.485714 0.448571 0.422857 0.38 0.342857 0.325714 0.271429 0.282857 0.234286 0.26 0.205714 0.202857 0.208571 0.182857
400 4.05912 36800 33600 0.995 0.835 0.7525 0.6475 0.6125 0.5375 0.4825 0.45 0.41 0.38 0.345 0.32 0.265 0.2775 0.225 0.2475 0.1925 0.2075 0.195 0.1875
450 4.54918 41400 37800 0.995556 0.831111 0.755556 0.646667 0.597778 0.524444 0.495556 0.451111 0.4 0.384444 0.355556 0.313333 0.26 0.28 0.222222 0.255556 0.182222 0.213333 0.191111 0.18
500 5.04715 46000 42000 0.996 0.834 0.752 0.654 0.598 0.52 0.496 0.452 0.39 0.384 0.352 0.314 0.262 0.274 0.232 0.248 0.184 0.206 0.196 0.18
550 5.54066 50600 46200 0.994545 0.84 0.756364 0.649091 0.594545 0.52 0.490909 0.443636 0.383636 0.381818 0.349091 0.307273 0.265455 0.274545 0.236364 0.249091 0.194545 0.203636 0.194545 0.174545
600 6.20662 55200 50400 0.995 0.843333 0.751667 0.653333 0.6 0.52 0.496667 0.45 0.385 0.373333 0.348333 0.303333 0.258333 0.283333 0.236667 0.245 0.19 0.201667 0.191667 0.17
650 6.56568 59800 54600 0.993846 0.844615 0.750769 0.658462 0.604615 0.521538 0.496923 0.452308 0.386154 0.378462 0.353846 0.306154 0.264615 0.286154 0.244615 0.24 0.189231 0.2 0.187692 0.175385
700 7.02082 64400 58800 0.994286 0.845714 0.752857 0.65 0.598571 0.512857 0.488571 0.454286 0.377143 0.374286 0.355714 0.307143 0.272857 0.284286 0.241429 0.237143 0.192857 0.205714 0.184286 0.18
750 9.16471 69000 63000 0.992 0.849333 0.746667 0.644 0.593333 0.514667 0.488 0.453333 0.376 0.370667 0.349333 0.304 0.273333 0.28 0.241333 0.238667 0.196 0.206667 0.18 0.18
800 7.98763 73600 67200 0.9925 0.85 0.74 0.63625 0.58875 0.51375 0.48375 0.45125 0.37375 0.365 0.3525 0.3025 0.2675 0.27 0.2325 0.23375 0.1925 0.20125 0.17625 0.175
850 8.54934 78200 71400 0.990588 0.854118 0.736471 0.637647 0.585882 0.512941 0.487059 0.451765 0.375294 0.365882 0.351765 0.303529 0.269412 0.271765 0.231765 0.232941 0.198824 0.198824 0.177647 0.178824
