TiempoMHHash EEMHHash EFMHHash JaccardMHHash TiempoMHPrimos EEMHPrimos EFMHPrimos Jaccard MHPrimos TiempoMH32 EEMH32 EFMH32 JaccardMH32 TiempoGuay EFGuay JaccardGuay
5.52875 1847336 21000 0.94 0.804 0.732 0.592 0.532 0.456 0.456 0.384 0.356 0.332 0.368 0.296 0.18 0.192 0.196 0.252 0.224 0.136 0.152 0.132
5.71312 1847336 21000 0.936 0.828 0.712 0.596 0.524 0.484 0.356 0.328 0.3 0.276 0.244 0.264 0.244 0.216 0.152 0.172 0.16 0.116 0.156 0.152
1.86951 23000 21000 0.924 0.752 0.672 0.58 0.524 0.456 0.388 0.26 0.284 0.272 0.288 0.192 0.188 0.164 0.184 0.14 0.14 0.124 0.076 0.076
0.926035
0.779178
0.654986
0.564955
0.500737
0.439097
0.383826
0.321544
0.293536
0.256174
0.236019
0.214673
0.186431
0.177713
0.155249
0.142605
0.123619
0.111357
0.0996459
0.0912942
