TiempoMHHash EEMHHash EFMHHash JaccardMHHash TiempoMHPrimos EEMHPrimos EFMHPrimos Jaccard MHPrimos TiempoMH32 EEMH32 EFMH32 JaccardMH32 TiempoGuay EFGuay JaccardGuay
7.25934 2634196 21000 0.984 0.892 0.704 0.68 0.548 0.54 0.456 0.472 0.396 0.412 0.416 0.332 0.324 0.272 0.276 0.276 0.212 0.228 0.184 0.196
7.46266 2634196 21000 0.992 0.872 0.732 0.652 0.544 0.564 0.544 0.552 0.476 0.42 0.36 0.364 0.324 0.324 0.288 0.272 0.22 0.22 0.28 0.276
2.57478 23000 21000 0.988 0.848 0.712 0.596 0.604 0.524 0.496 0.424 0.388 0.364 0.312 0.26 0.3 0.264 0.22 0.236 0.208 0.216 0.136 0.148
0.989387
0.865351
0.711437
0.639283
0.58585
0.523687
0.479461
0.458114
0.394785
0.371909
0.32957
0.317414
0.28199
0.263402
0.242546
0.225642
0.213925
0.190135
0.178925
0.164448
