T	Error JdT	Error Dummy	Error Random
100	1.14569		0.815369 	0.0744705
150	1.61311		1.1938		0.069238
200	2.07368		1.42346		0.0759358
250	2.6044		1.81971		0.101388
300	3.16901		2.14889		0.121257
350	3.56093		2.4718		0.112742
400	4.05912		2.869		0.142877
450	4.54918		3.20802		0.334577
500	5.04715		3.56998		0.142311
550	5.54066		3.88528		0.137482
600	6.20662		4.18655		0.387383
650	6.56568		4.53216		0.171028
700	7.02082		4.94628		0.147881
750	9.16471		5.22138		0.156273
800	7.98763		5.46847		0.168444
850	8.54934		5.86132		0.17585
