Hashed time	Hashed space	Hashed res	No Hashed time	No Hashed space	No Hasehd res
../DataSet Experimento 1/juegodetronos.txt	../DataSet Experimento 1/juegodetronosRandom0.txt
0.0298775	72980	0.990508	0.040058	72980	0.990508
0.0316754	111904	0.990749	0.0457981	153680	0.99106
0.0344516	158100	0.990983	0.0501214	245058	0.990885
0.0369846	193328	0.990774	0.052864	340998	0.990764
0.0377335	215692	0.990293	0.0548941	434168	0.990355
0.0391902	229464	0.989664	0.0564782	520353	0.98971
0.0393048	239976	0.988861	0.0572609	601360	0.988887

../DataSet Experimento 1/juegodetronos.txt	../DataSet Experimento 1/juegodetronosRandom1.txt
0.0295643	75612	0.898273	0.0410678	75612	0.898273
0.0321047	114980	0.899617	0.0464077	157680	0.898158
0.0348117	161156	0.894526	0.0504494	249822	0.891817
0.0372696	196060	0.884757	0.0534733	345786	0.883551
0.0382549	217772	0.875082	0.0552735	438312	0.874731
0.0392695	231052	0.865609	0.0571523	523854	0.865338
0.0399124	241144	0.855525	0.0581914	604270	0.855524

../DataSet Experimento 1/juegodetronos.txt	../DataSet Experimento 1/juegodetronosRandom2.txt
0.0291354	78188	0.822394	0.0417052	78188	0.822394
0.032423	117876	0.822111	0.0475472	161490	0.819503
0.0356998	163880	0.810429	0.0510367	253896	0.807681
0.0372932	198384	0.796566	0.0543303	349895	0.794858
0.0389177	219684	0.781588	0.056384	442176	0.780842
0.0397466	232592	0.765753	0.0572223	527265	0.765246
0.0402421	242416	0.749892	0.0582753	607390	0.749647

../DataSet Experimento 1/juegodetronos.txt	../DataSet Experimento 1/juegodetronosRandom3.txt
0.0294437	80584	0.757787	0.0412607	80584	0.757787
0.032351	120276	0.752375	0.0470366	164640	0.75
0.0353223	166164	0.73899	0.0513909	257364	0.735545
0.0381486	200324	0.720642	0.0547649	353199	0.718973
0.0391296	221136	0.701465	0.0560993	445088	0.701095
0.0397932	233792	0.683022	0.0579231	529920	0.682142
0.0410231	243356	0.663449	0.0594679	609730	0.66293

../DataSet Experimento 1/juegodetronos.txt	../DataSet Experimento 1/juegodetronosRandom4.txt
0.0296309	82412	0.715059	0.0415306	82412	0.715059
0.0326138	122672	0.707477	0.0473822	167870	0.704524
0.035774	168580	0.691348	0.052197	261174	0.686386
0.0383886	202500	0.668919	0.0550198	357105	0.66732
0.0396183	222944	0.646607	0.0574871	448736	0.645892
0.0406787	235248	0.623654	0.0592017	533007	0.62277
0.041526	244356	0.60011	0.0596622	612240	0.599707

../DataSet Experimento 1/juegodetronos.txt	../DataSet Experimento 1/juegodetronosRandom5.txt
0.0296923	84868	0.665385	0.0415593	84868	0.665385
0.0327504	125384	0.655453	0.04743	171415	0.6483
0.0362303	171348	0.632259	0.0519083	264990	0.627423
0.0384868	204292	0.60713	0.0546896	360332	0.605064
0.039544	224344	0.582607	0.0571085	451336	0.581726
0.0404076	236352	0.558968	0.0584337	535347	0.557677
0.0407492	245260	0.534525	0.0590325	614340	0.534201

../DataSet Experimento 1/juegodetronos.txt	../DataSet Experimento 1/juegodetronosRandom6.txt
0.0299301	86876	0.613716	0.0418759	86876	0.613596
0.0330945	127428	0.603917	0.0478143	174110	0.596534
0.036482	172968	0.576737	0.0521756	267996	0.56932
0.0382635	205888	0.544083	0.055133	363181	0.542072
0.0398382	225716	0.518337	0.0579231	454120	0.517091
0.0405916	237588	0.49355	0.0582224	537957	0.491901
0.0424303	246212	0.468029	0.0597962	616790	0.467639

../DataSet Experimento 1/juegodetronos.txt	../DataSet Experimento 1/juegodetronosRandom7.txt
0.0301093	88840	0.570388	0.0420818	88840	0.570388
0.0334905	129480	0.550659	0.0479855	176395	0.543398
0.0364035	174484	0.521645	0.0524769	270144	0.513514
0.0384481	207156	0.487506	0.0552838	365386	0.484923
0.0397505	226864	0.459383	0.0574353	456304	0.458362
0.0409751	238496	0.43289	0.05889	540045	0.431656
0.0411551	247000	0.406157	0.0597433	618730	0.406013

../DataSet Experimento 1/juegodetronos.txt	../DataSet Experimento 1/juegodetronosRandom8.txt
0.0306759	90488	0.555204	0.0428846	90488	0.555204
0.0340119	131720	0.532341	0.0494936	179915	0.522768
0.0372329	177456	0.501269	0.0538377	274482	0.492318
0.0393907	209484	0.465538	0.0564847	369523	0.46238
0.041276	228472	0.435631	0.0587915	459544	0.434246
0.0419666	239572	0.407955	0.0598733	542322	0.406222
0.0418418	247748	0.381043	0.0600385	620470	0.380264

../DataSet Experimento 1/juegodetronos.txt	../DataSet Experimento 1/juegodetronosRandom9.txt
0.0305525	92316	0.540037	0.042488	92316	0.540037
0.0337115	133576	0.521644	0.0486758	182265	0.511256
0.0365434	178692	0.485288	0.052889	276498	0.476972
0.0386404	210380	0.450456	0.0559883	370916	0.44614
0.0400219	228904	0.419577	0.0576828	460304	0.418275
0.0409828	239748	0.39288	0.0592142	542646	0.391122
0.0416139	247612	0.365819	0.0601896	620200	0.365027

../DataSet Experimento 1/juegodetronos.txt	../DataSet Experimento 1/juegodetronosRandom10.txt
0.0307888	94092	0.492955	0.042661	94092	0.492955
0.0337607	135660	0.469518	0.0486903	184800	0.457816
0.0368415	180264	0.431576	0.0533552	279150	0.423044
0.0397514	211732	0.396723	0.0559622	373324	0.393135
0.0399932	229900	0.366598	0.0580346	462192	0.363784
0.041412	240432	0.338798	0.0600004	544311	0.336848
0.0420577	248252	0.312447	0.0606999	621760	0.311868

../DataSet Experimento 1/juegodetronos.txt	../DataSet Experimento 1/juegodetronosRandom11.txt
0.030856	95656	0.47508	0.0429451	95656	0.47508
0.0340719	137068	0.448432	0.0490556	186760	0.438441
0.0370273	181872	0.411611	0.0538308	281502	0.402475
0.0393199	213136	0.37461	0.0563371	375921	0.371549
0.0405848	231196	0.344913	0.0585082	465000	0.343278
0.0416105	241740	0.318246	0.0601882	547218	0.316802
0.0419718	249500	0.293255	0.0619184	624810	0.292505

../DataSet Experimento 1/juegodetronos.txt	../DataSet Experimento 1/juegodetronosRandom12.txt
0.0310138	97176	0.45299	0.0430239	97176	0.45299
0.0343632	139144	0.425188	0.0492029	189620	0.415075
0.0369803	183868	0.386678	0.0535407	284334	0.376107
0.0393964	214428	0.345186	0.0564295	378287	0.341101
0.0404665	231900	0.310288	0.0586038	466392	0.308766
0.0411989	242184	0.282347	0.059349	548001	0.280714
0.0428058	249624	0.256387	0.0611186	625120	0.255639

../DataSet Experimento 1/juegodetronos.txt	../DataSet Experimento 1/juegodetronosRandom13.txt
0.0310997	98868	0.437286	0.0432415	98868	0.437286
0.0341436	140840	0.407612	0.04948	191490	0.394328
0.0370731	184888	0.365172	0.0535743	286164	0.355444
0.039337	215384	0.325864	0.0564625	379799	0.322567
0.0404224	232760	0.293427	0.0591778	467904	0.291867
0.0419564	242812	0.266149	0.0602627	549342	0.264224
0.0423074	250076	0.240136	0.0608674	626270	0.239574

../DataSet Experimento 1/juegodetronos.txt	../DataSet Experimento 1/juegodetronosRandom14.txt
0.0311413	100048	0.425673	0.0434261	100052	0.425648
0.0343307	142280	0.396161	0.0497169	193365	0.382116
0.0372062	186252	0.352868	0.0536038	288162	0.341274
0.0391908	215976	0.310757	0.0564489	380926	0.306555
0.0404673	233032	0.277812	0.0587873	468336	0.275981
0.0416731	242640	0.250283	0.0601648	548838	0.248224
0.0423435	249600	0.22473	0.0614992	625100	0.223958

../DataSet Experimento 1/juegodetronos.txt	../DataSet Experimento 1/juegodetronosRandom15.txt
0.0311791	101368	0.402901	0.0433971	101368	0.402901
0.0341902	143488	0.371359	0.049722	195145	0.356021
0.037283	187352	0.326029	0.054214	289992	0.314584
0.0392334	217200	0.284781	0.0565632	382984	0.280802
0.0405623	234132	0.254189	0.0582215	470408	0.252071
0.0415838	243564	0.228112	0.0598656	550980	0.225945
0.0420358	250480	0.203051	0.0618209	627160	0.202193

../DataSet Experimento 1/juegodetronos.txt	../DataSet Experimento 1/juegodetronosRandom16.txt
0.0316729	102596	0.401661	0.0441401	102596	0.401661
0.0344914	144820	0.372077	0.0500742	196915	0.356257
0.0374269	188588	0.327524	0.0540314	291696	0.31551
0.0394186	217600	0.283564	0.0566349	383649	0.279401
0.0405641	233888	0.250925	0.0589716	470040	0.24899
0.0415366	243144	0.223945	0.0613111	549819	0.221673
0.0433084	249792	0.198618	0.0620584	625620	0.197909

../DataSet Experimento 1/juegodetronos.txt	../DataSet Experimento 1/juegodetronosRandom17.txt
0.0316854	104700	0.373367	0.0439885	104700	0.373367
0.0346192	147088	0.341163	0.0502727	199995	0.324777
0.0375615	190484	0.292539	0.0548551	294534	0.28016
0.040149	219256	0.248667	0.0576737	386547	0.24408
0.0411543	235432	0.216125	0.0593801	473112	0.214079
0.0420545	244520	0.190643	0.0615293	552969	0.188575
0.0424437	251072	0.167017	0.0614363	628820	0.16649

../DataSet Experimento 1/juegodetronos.txt	../DataSet Experimento 1/juegodetronosRandom18.txt
0.0316985	105828	0.363974	0.0439489	105828	0.363974
0.0346408	147940	0.328818	0.050271	200625	0.311532
0.0381918	190844	0.28042	0.054551	294972	0.268893
0.0395699	219448	0.237526	0.0575718	386806	0.233796
0.0408021	235296	0.206572	0.0586322	472784	0.204386
0.0422622	244204	0.181465	0.0602593	552276	0.179374
0.0421581	250788	0.158417	0.0607431	627860	0.157602

../DataSet Experimento 1/juegodetronos.txt	../DataSet Experimento 1/juegodetronosRandom19.txt
0.0317596	107504	0.353886	0.0442408	107504	0.353886
0.0347119	149868	0.317729	0.0503108	202935	0.299699
0.0377168	192084	0.268384	0.0544222	296820	0.255456
0.039709	219800	0.225933	0.0571247	387688	0.221095
0.0408038	235328	0.195554	0.0587924	473048	0.193336
0.0416154	244240	0.170988	0.0598955	552303	0.16894
0.0424579	250624	0.149061	0.0607758	627610	0.148249

