Hashed time	Hashed space	Hashed res	No Hashed time	No Hashed space	No Hasehd res
../DataSet Experimento 1/textoDummy.txt	../DataSet Experimento 1/textoDummyRandom0.txt
0.0211806	66480	0.987325	0.0285184	66480	0.987325
0.0221724	97352	0.985803	0.0320663	133350	0.985853
0.023959	128064	0.984258	0.0341601	197754	0.984048
0.0247518	143664	0.9819	0.0353027	253617	0.981894
0.0253534	151876	0.98013	0.036282	304800	0.980044
0.0257195	156824	0.978802	0.0364339	354204	0.978583
0.0258836	160740	0.977316	0.0368586	402270	0.977243

../DataSet Experimento 1/textoDummy.txt	../DataSet Experimento 1/textoDummyRandom1.txt
0.0205158	68936	0.884733	0.0285554	68936	0.884733
0.0225178	99972	0.879597	0.0323655	136695	0.876905
0.0243507	130544	0.865234	0.0347238	201384	0.863424
0.0251679	145760	0.849089	0.0359484	257271	0.847906
0.0257527	153720	0.835244	0.0368188	308448	0.834777
0.0261188	158476	0.82215	0.0371376	357867	0.821901
0.0265082	162220	0.80936	0.0379472	405930	0.809118

../DataSet Experimento 1/textoDummy.txt	../DataSet Experimento 1/textoDummyRandom2.txt
0.0209092	71148	0.80085	0.0287898	71148	0.80085
0.0227786	102252	0.783009	0.0326872	139665	0.778719
0.0245697	132492	0.757095	0.0349707	204480	0.752816
0.0254837	147604	0.729356	0.0362411	260456	0.727952
0.0260568	155456	0.707332	0.0368728	311856	0.706668
0.0264408	160124	0.687648	0.0375194	361494	0.686584
0.0267327	163788	0.667766	0.0379571	409870	0.667426

../DataSet Experimento 1/textoDummy.txt	../DataSet Experimento 1/textoDummyRandom3.txt
0.020901	73380	0.731641	0.0290503	73380	0.731641
0.0229837	104588	0.708061	0.0329702	142675	0.701145
0.0248013	134668	0.674975	0.0352478	207780	0.669318
0.0256731	149464	0.639075	0.0365918	263718	0.637288
0.0263179	157008	0.612588	0.0375256	314992	0.612235
0.0271098	161464	0.588712	0.0382598	364554	0.588657
0.0273101	165036	0.566698	0.0387359	412960	0.566319

../DataSet Experimento 1/textoDummy.txt	../DataSet Experimento 1/textoDummyRandom4.txt
0.0211157	75200	0.664601	0.029316	75200	0.664601
0.0232016	106308	0.639442	0.0338076	144990	0.629467
0.0250857	136376	0.598481	0.0355937	210294	0.592485
0.0258987	150984	0.558014	0.0368233	266420	0.556583
0.0267071	158592	0.527567	0.0375071	318176	0.52658
0.0269605	163052	0.501289	0.0381807	368082	0.500073
0.0271704	166496	0.475767	0.0388545	416670	0.475408

../DataSet Experimento 1/textoDummy.txt	../DataSet Experimento 1/textoDummyRandom5.txt
0.021291	77472	0.627837	0.0295165	77472	0.627837
0.0233756	108964	0.594533	0.033567	148065	0.584515
0.0253266	138380	0.549816	0.0357874	213138	0.542399
0.0260864	152580	0.506457	0.0370705	269136	0.504637
0.0267346	159768	0.476108	0.0377973	320544	0.475149
0.0271283	164076	0.448923	0.0387061	370305	0.448105
0.0273701	167400	0.423131	0.0390892	418880	0.422826

../DataSet Experimento 1/textoDummy.txt	../DataSet Experimento 1/textoDummyRandom6.txt
0.0214952	78688	0.59896	0.0296286	78688	0.59896
0.0234863	110168	0.557805	0.0338438	149735	0.545731
0.0252757	139080	0.508002	0.0366919	214326	0.49893
0.0263302	153080	0.462529	0.0378635	270011	0.459274
0.0272606	160092	0.428067	0.0392513	321032	0.426707
0.0282507	164168	0.399318	0.03911	370467	0.397915
0.0285343	167308	0.372097	0.0400506	418650	0.371679

../DataSet Experimento 1/textoDummy.txt	../DataSet Experimento 1/textoDummyRandom7.txt
0.0216383	80640	0.541638	0.0299329	80640	0.541638
0.0252456	112232	0.497705	0.0352609	152350	0.481788
0.0267335	140744	0.440573	0.0387026	216948	0.429961
0.0264178	154604	0.390774	0.0375253	272566	0.387274
0.0269383	161328	0.356473	0.0383024	323480	0.355424
0.0273499	165172	0.328604	0.038875	372789	0.327681
0.0277111	168232	0.303195	0.0392533	420950	0.302565

../DataSet Experimento 1/textoDummy.txt	../DataSet Experimento 1/textoDummyRandom8.txt
0.0218069	82500	0.512208	0.0301218	82500	0.512208
0.0238254	113856	0.466838	0.0354529	154185	0.452246
0.0255602	142008	0.408251	0.0365383	218694	0.398496
0.0266487	155316	0.359178	0.0376889	274015	0.355577
0.027062	162068	0.324388	0.0383113	325056	0.323173
0.0274355	165860	0.296105	0.03892	374256	0.294726
0.0276591	168800	0.270204	0.039546	422330	0.269593

../DataSet Experimento 1/textoDummy.txt	../DataSet Experimento 1/textoDummyRandom9.txt
0.0217489	83784	0.479133	0.0302399	83784	0.479133
0.0240887	115300	0.434436	0.0348922	156210	0.414433
0.0260178	143328	0.367112	0.0378761	220644	0.355773
0.0268658	156364	0.315487	0.0386847	275765	0.311724
0.0275968	162920	0.282067	0.039498	326768	0.28072
0.0283648	166692	0.25646	0.0398339	375984	0.254685
0.0280084	169400	0.232143	0.0401553	423960	0.231547

../DataSet Experimento 1/textoDummy.txt	../DataSet Experimento 1/textoDummyRandom10.txt
0.0222532	85152	0.463797	0.0305024	85152	0.463797
0.0239627	116536	0.413723	0.034467	157615	0.3947
0.0257527	144476	0.351708	0.0366882	222186	0.340974
0.026665	157252	0.301927	0.0379364	277277	0.298083
0.0272219	163520	0.26862	0.0385772	327864	0.267176
0.0275868	167052	0.242207	0.0396658	376848	0.240762
0.028158	169748	0.217565	0.040539	424740	0.21709

../DataSet Experimento 1/textoDummy.txt	../DataSet Experimento 1/textoDummyRandom11.txt
0.0221989	86876	0.431236	0.0305562	86876	0.431236
0.0241368	118024	0.379623	0.0345719	159220	0.360971
0.0259356	145152	0.319516	0.0368751	223446	0.307895
0.0267674	157932	0.270939	0.0379699	278348	0.267661
0.0273098	164096	0.239396	0.0385931	329040	0.238296
0.0277692	167628	0.215788	0.0393771	378117	0.214319
0.0291826	170228	0.193678	0.0398458	425910	0.193092

../DataSet Experimento 1/textoDummy.txt	../DataSet Experimento 1/textoDummyRandom12.txt
0.0221639	88244	0.4158	0.0306975	88244	0.4158
0.0242062	119352	0.363462	0.0348154	161185	0.343152
0.0271997	146212	0.295976	0.0370099	225042	0.284706
0.0268342	158676	0.246904	0.0383744	279657	0.242876
0.0274645	164660	0.214164	0.0388082	330120	0.21282
0.0277641	167944	0.188597	0.0395159	378873	0.187604
0.0280957	170452	0.166138	0.0397793	426440	0.165551

../DataSet Experimento 1/textoDummy.txt	../DataSet Experimento 1/textoDummyRandom13.txt
0.0222174	89348	0.399561	0.030778	89348	0.399561
0.0243001	120120	0.344828	0.0348308	161950	0.326372
0.026087	146564	0.279856	0.0371251	225306	0.268058
0.0268666	158696	0.231576	0.0381389	279657	0.22775
0.0274102	164552	0.201004	0.0387237	329968	0.199953
0.0277589	167792	0.177719	0.0393495	378585	0.176479
0.0282328	170384	0.157028	0.0398211	426250	0.156559

../DataSet Experimento 1/textoDummy.txt	../DataSet Experimento 1/textoDummyRandom14.txt
0.0223306	90512	0.378915	0.0310178	90512	0.378915
0.0243428	121264	0.325637	0.0351525	163515	0.302545
0.0261237	147496	0.257468	0.0371868	226698	0.246881
0.0269173	159384	0.210279	0.0382817	280945	0.20685
0.0275618	165120	0.179496	0.0388801	331072	0.177823
0.0279831	168340	0.155642	0.0394337	379728	0.154459
0.028092	170776	0.134754	0.0400629	427260	0.134309

../DataSet Experimento 1/textoDummy.txt	../DataSet Experimento 1/textoDummyRandom15.txt
0.0222583	90712	0.368701	0.0310047	90712	0.368701
0.0244631	121668	0.310118	0.0350945	163940	0.287066
0.0261225	147584	0.240827	0.0372796	226812	0.228614
0.0269898	159468	0.19348	0.0383619	281015	0.189658
0.0275009	165144	0.164199	0.0389274	331152	0.162851
0.0278403	168404	0.142807	0.0394715	379881	0.141462
0.02809	170864	0.123573	0.0400757	427520	0.123043

../DataSet Experimento 1/textoDummy.txt	../DataSet Experimento 1/textoDummyRandom16.txt
0.0225382	92696	0.350073	0.0311512	92696	0.350073
0.0245385	123072	0.292936	0.0352023	165840	0.266776
0.0266724	148936	0.222711	0.0373342	228798	0.208079
0.0270364	160312	0.173484	0.0384418	282576	0.169443
0.0276238	165784	0.144727	0.0390309	332432	0.143321
0.0281102	168804	0.124251	0.0395725	380754	0.12286
0.0282544	171152	0.106348	0.0400009	428140	0.105705

../DataSet Experimento 1/textoDummy.txt	../DataSet Experimento 1/textoDummyRandom17.txt
0.022654	93740	0.337614	0.0314462	93740	0.337614
0.0245874	124108	0.2751	0.035318	167275	0.25248
0.0262949	149436	0.207271	0.0377674	229476	0.193807
0.0272452	160612	0.160257	0.0385263	282891	0.155449
0.0276417	165900	0.131898	0.0390113	332600	0.130554
0.0279765	168860	0.11215	0.0399957	380853	0.110741
0.0283745	171124	0.0946191	0.0401007	428140	0.0941198

../DataSet Experimento 1/textoDummy.txt	../DataSet Experimento 1/textoDummyRandom18.txt
0.0225584	94356	0.32396	0.0314362	94356	0.32396
0.0248183	124768	0.261761	0.0354779	167900	0.238338
0.0263842	149860	0.192014	0.0375185	229998	0.178317
0.0273198	160852	0.145604	0.0386179	283318	0.14127
0.0277709	166032	0.118573	0.0392585	332832	0.117156
0.0280806	168948	0.0997787	0.0399238	381042	0.098547
0.0286103	171180	0.0841313	0.0404858	428340	0.0837466

../DataSet Experimento 1/textoDummy.txt	../DataSet Experimento 1/textoDummyRandom19.txt
0.0228144	95492	0.315099	0.0314908	95492	0.315099
0.024694	125260	0.252099	0.0358181	168265	0.225573
0.0267588	149864	0.181706	0.0379921	230046	0.167687
0.0277302	160772	0.136037	0.0391629	283255	0.132363
0.0279905	166116	0.110787	0.0394445	332904	0.109088
0.0280127	168988	0.0919077	0.0397013	381087	0.0906679
0.0282231	171188	0.0763021	0.0400529	428270	0.075758

